-
2222222222222222222222222222222
2111100011111111000111111111112
2111100011111111000111111111112
2111100011111111000111111111112
2111110111111111000111111111112
2111111111111111000111111111112
2111111111111110000111111111112
2111111111111100001111100111112
2111111111111100001111000011112
2000000001111110011111000011102
2000000000111111111111100111002
2000000000111111111111111111002
2000000000111111111111111111002
2000000001111111111111111111002
2000000011110011111111111111002
2000000111100001111111111111002
2000001111100000011111101111102
2000011111100000001111000111112
2000111111110000000110000111112
2000111111111000000000000111112
2000111111111000000000000011112
2000000011111000000000000001112
2000000001111000000000000000112
2000000001111100000000000000002
2000000001111110000000000000002
2000000000111111110000000000002
2000000000011111111001110000002
2000001100000011111111111000002
2000011100000001111111111000002
2000111000000001111111110000002
2111110000000001111111100001112
2111110000000001111110000011112
2111100000000001111100000011112
2000000000000001111000000011112
2000000000000001111000000111112
2000000000000001111000000111112
2011111100000011111000000011112
2111111110000111111000000001112
2111111110001111111000000001112
2011111100001111111000000001112
2001111100001111111000000011112
2000111100000111110000000111112
2000111110000011000000000111112
2001111111000000000000001111102
2001111111000000000000011111002
2011111111000000000001111111002
2111111110000000000011111111002
2111111100000000000011111111002
2111111000000000000001111111002
2111111000000000000000111111002
2111111000000000000000111111002
2011111000000000000001111110002
2000000000000000000011111100002
2000000000000000000011111000002
2000000000001100000001111000002
2000000001111111000000110000002
2000000011111111100000000000012
2011000011111111100000000000002
2111100001111111000000000000002
2111100000111000000000000000002
2111110000000000000000000000002
2111111100000000000000000000002
2111111111100000000000000000002
2111111111110000000000000000002
2111111111000000000000000000002
2011111001000000000000000001112
2000011000000011000000000011112
2000000000000111110000000111112
2000000000000111111000001111112
2000000000000011111100111111112
2000000000000000111111111111112
2000011100000000011111111111112
2000111110000000011110011111102
2001111110000000111100001110002
2111111111000001111100000000002
2111111111110011111100000000002
2111111111111111111000000000002
2111110111111111100000000000002
2111000011111111000000000001112
2110000011111110000000000011112
2100000111111110000000000011112
2000000111111110000111000111112
2000000110001111000111000111112
2000000000000111000111111111112
2000000000000000000111111111112
2000000000000000000111111111112
2000000000000000001111100110002
2000000000000000011111000000002
2000000000000000011110000000002
2222222222222222222222222222222
